52
1 565.0 575.0 1
2 25.0 185.0 1
3 345.0 750.0 1
4 945.0 685.0 1
5 845.0 655.0 1
6 880.0 660.0 1
7 25.0 230.0 1
8 525.0 1000.0 1
9 580.0 1175.0 1
10 650.0 1130.0 1
11 1605.0 620.0 1
12 1220.0 580.0 1
13 1465.0 200.0 1
14 1530.0 5.0 1
15 845.0 680.0 1
16 725.0 370.0 1
17 145.0 665.0 1
18 415.0 635.0 1
19 510.0 875.0 1
20 560.0 365.0 1
21 300.0 465.0 1
22 520.0 585.0 1
23 480.0 415.0 1
24 835.0 625.0 1
25 975.0 580.0 1
26 1215.0 245.0 1
27 1320.0 315.0 1
28 1250.0 400.0 1
29 660.0 180.0 1
30 410.0 250.0 1
31 420.0 555.0 1
32 575.0 665.0 1
33 1150.0 1160.0 1
34 700.0 580.0 1
35 685.0 595.0 1
36 685.0 610.0 1
37 770.0 610.0 1
38 795.0 645.0 1
39 720.0 635.0 1
40 760.0 650.0 1
41 475.0 960.0 1
42 95.0 260.0 1
43 875.0 920.0 1
44 700.0 500.0 1
45 555.0 815.0 1
46 830.0 485.0 1
47 1170.0 65.0 1
48 830.0 610.0 1
49 605.0 625.0 1
50 595.0 360.0 1
51 1340.0 725.0 1
52 1740.0 245.0 1